disorder_list: (8461,9871) (9871,11281) (11281,12691)
name: 112.4.16.163.21951
in_time: (0,0.000000) (1,0.008270) (1,0.008330) (1411,0.008363) (2821,0.008434) (4231,0.016761) (5641,0.016783) (8461,0.016849) (9871,0.016911) (11281,0.016972) (7051,0.017047) (12691,0.025016) (14101,0.025043) (15511,0.025072) (16921,0.025135) (7051,0.025279) (17096,1.898130) (17096,1.898151)
retrans: (7051,12691)
reorder:
spurious: (7051,8461)
pkt_cnt: "36"
rtt: "0.008119"

